image: labirinto.pgm
resolution: 0.050000
origin: [-0.999000000, -0.133000000, 0.000000]
negate: 0
occupied_thresh: 0.65
free_thresh: 0.196

